




Currency converter - Exchange rate





Currencies.Zone







Converter
Exchange Rate
Chart
Historic

Webmaster

Webmaster
Api





Register
Login








Currency Converter

Convertisseur de devises

Cambio

Währungsrechner

Convertitore di valute






















1 EUR


=


1.197 USD




 EUR


 Go
 

 USD






Last Update : 28/11/2020 01:00:58








Convert EUR in USD
Convert USD in EUR
Exchange Rate EUR
Exchange Rate USD
Chart EUR in USD
Chart USD in EUR
Historic EUR in USD
Historic USD in EUR


Currency Converter
Convert currencies between all global currencies, updated in real time, exchange rates in over 160 currencies. Responsive currency converter for smart phone (iPhone, Galaxy Tab, etc ...), tablets (iPad, Galxy Note), operating system (Windows, Mac OS).




Popular currencies



Popular chart EUREUR/USD1.1110,1.1095,1.0927,1.0934,1.0865,1.0871,1.0887,1.0928,1.0965,1.0996,1.0982,1.0889,1.0936,1.0909,1.0908,1.0909,1.0864,1.0909,1.0928,1.0865,1.0874,1.0715,1.0715,1.0729,1.0645,1.0611,1.0616,1.0671,1.0611,1.0598,1.0582,1.0645,1.0672,1.0680,1.0670,1.0669,1.0687,1.0760,1.0818,1.0861,1.0850,1.0784,1.0790,1.0812,1.0738,1.0743,1.0745,1.0775,1.0738,1.0612,1.0651,1.0690,1.0578,1.0547,1.0570,1.0579,1.0620,1.0510,1.0536,1.0569,1.0584,1.0553,1.0584,1.0554,1.0542,1.0609,1.0627,1.0672,1.0607,1.0578,1.0598,1.0620,1.0659,1.0692,1.0678,1.0743,1.0783,1.0762,1.0767,1.0804,1.0709,1.0714,1.0683,1.0752,1.0729,1.0761,1.0714,1.0707,1.0660,1.0628,1.0697,1.0603,1.0629,1.0617,1.0598,1.0552,1.0589,1.0532,1.0536,1.0606,1.0501EUR/THB38.3069,38.2115,37.8631,37.8854,37.7079,37.7867,37.8329,37.8745,37.9866,38.1020,38.0224,37.6214,37.6733,37.7329,37.6254,37.7004,37.5794,37.5922,37.6161,37.2827,37.3150,36.8700,36.8350,36.8316,36.4820,36.4291,36.4354,36.6921,36.6409,36.6783,36.6423,36.8102,36.8734,36.7831,36.6624,36.6432,36.8480,37.0164,37.2757,37.3454,37.4341,37.2928,37.3081,37.5733,37.1889,37.3845,37.4234,37.6145,37.6052,37.4258,37.6315,37.7572,37.4371,37.2007,37.1012,37.0696,37.1822,36.8324,36.8860,36.9180,36.8755,36.7679,36.9843,36.9393,36.9099,37.1478,37.1827,37.3390,37.1152,37.0231,37.1583,37.2427,37.3690,37.4441,37.3946,37.5980,37.7468,37.7413,37.8043,37.9213,37.6835,37.7539,37.7109,37.8363,37.8079,37.9318,37.8517,37.8801,37.7461,37.6436,37.7276,37.5558,37.6468,37.5411,37.5265,37.4959,37.7029,37.6008,37.6251,37.8165,37.5795EUR/CNY7.6513,7.6381,7.5421,7.5411,7.5008,7.5041,7.5197,7.5451,7.5492,7.5896,7.5722,7.5098,7.5385,7.5195,7.5394,7.5160,7.4930,7.5185,7.5205,7.4777,7.3857,7.3737,7.3784,7.3834,7.3113,7.3117,7.3110,7.3530,7.3120,7.3158,7.3076,7.3425,7.3575,7.3536,7.3452,7.3404,7.3623,7.4109,7.4407,7.4638,7.4357,7.4256,7.4269,7.4443,7.4154,7.4171,7.4147,7.4310,7.4238,7.3380,7.3633,7.3297,7.3099,7.2903,7.2958,7.2962,7.3241,7.2387,7.2510,7.2572,7.2715,7.2821,7.2668,7.2546,7.2557,7.2973,7.2853,7.3133,7.2856,7.2639,7.2912,7.3224,7.3210,7.3482,7.3513,7.3737,7.4103,7.4041,7.4089,7.4316,7.3683,7.3744,7.3482,7.3905,7.3481,7.3647,7.3662,7.3585,7.3140,7.2673,7.3215,7.3065,7.3325,7.3202,7.3507,7.3035,7.3450,7.2854,7.2956,7.3052,7.2720EUR/ARS17.2905,17.2628,16.7936,16.8697,16.7766,16.8480,16.8839,16.9063,16.8798,16.8947,16.8479,16.6307,16.7119,16.7768,16.7637,16.7710,16.7315,16.8838,16.8459,16.7151,16.5991,16.4854,16.4808,16.3902,16.0881,16.0882,16.0875,16.2066,16.1812,16.1152,16.3016,16.3991,16.4271,16.4146,16.4149,16.3809,16.4763,16.5811,16.8540,16.9382,16.8623,16.8239,16.8575,16.8890,16.7760,16.6898,16.7068,16.7509,16.6985,16.4896,16.5204,16.4985,16.4288,16.4740,16.4492,16.3602,16.2318,16.1855,16.2726,16.3505,16.3738,16.3684,16.4070,16.4216,16.4293,16.6419,16.4123,16.4539,16.2951,16.3662,16.3959,16.5166,16.6775,16.7312,16.7309,16.9426,16.8182,16.8555,17.0006,17.1705,17.0363,17.0433,17.0297,17.1467,17.0736,17.1419,16.9117,17.0225,16.9458,16.9657,16.9999,16.8280,16.8305,16.7836,16.7772,16.7182,16.8131,16.6519,16.6358,16.9175,16.8860EUR/HKD8.6540,8.6404,8.5156,8.5204,8.4629,8.4641,8.4742,8.5066,8.5341,8.5590,8.5465,8.4726,8.5085,8.4855,8.4826,8.4846,8.4525,8.4871,8.5029,8.4513,8.4545,8.3304,8.3293,8.3403,8.2724,8.2473,8.2521,8.2914,8.2451,8.2342,8.2204,8.2705,8.2910,8.2988,8.2919,8.2898,8.3039,8.3590,8.4029,8.4359,8.4256,8.3764,8.3793,8.3965,8.3379,8.3382,8.3401,8.3648,8.3381,8.2428,8.2707,8.3003,8.2137,8.1914,8.2070,8.2139,8.2441,8.1572,8.1782,8.2038,8.2147,8.1890,8.2123,8.1898,8.1809,8.2336,8.2467,8.2806,8.2301,8.2073,8.2226,8.2380,8.2681,8.2964,8.2840,8.3341,8.3648,8.3497,8.3541,8.3813,8.3078,8.3122,8.2869,8.3400,8.3226,8.3468,8.3114,8.3054,8.2685,8.2429,8.2959,8.2228,8.2423,8.2325,8.2181,8.1828,8.2125,8.1674,8.1707,8.2243,8.1434




Popular chart USDUSD/EUR0.8998,0.9013,0.9151,0.9146,0.9204,0.9199,0.9185,0.9151,0.9120,0.9094,0.9106,0.9184,0.9144,0.9167,0.9168,0.9167,0.9205,0.9167,0.9151,0.9204,0.9196,0.9333,0.9333,0.9321,0.9395,0.9425,0.9419,0.9372,0.9424,0.9436,0.9450,0.9394,0.9370,0.9363,0.9372,0.9373,0.9357,0.9294,0.9244,0.9207,0.9217,0.9273,0.9268,0.9249,0.9313,0.9308,0.9307,0.9281,0.9313,0.9423,0.9388,0.9355,0.9453,0.9481,0.9461,0.9453,0.9416,0.9515,0.9491,0.9462,0.9448,0.9476,0.9448,0.9475,0.9486,0.9426,0.9410,0.9370,0.9427,0.9453,0.9435,0.9417,0.9382,0.9353,0.9365,0.9308,0.9274,0.9292,0.9287,0.9256,0.9338,0.9334,0.9361,0.9301,0.9321,0.9293,0.9334,0.9340,0.9381,0.9409,0.9349,0.9431,0.9409,0.9419,0.9436,0.9477,0.9444,0.9495,0.9491,0.9429,0.9523USD/GHS4.1485,4.1485,4.1956,4.1485,4.2385,4.1890,4.1871,4.1963,4.1979,4.1618,4.1485,4.2085,4.1628,4.1765,4.1727,4.1980,4.2009,4.0985,4.1733,4.1767,4.1937,4.1961,4.1386,4.1170,4.1985,4.1335,4.1415,4.1350,4.1900,4.2035,4.2168,4.2185,4.2100,4.2200,4.2500,4.2200,4.1769,4.1085,4.2000,4.1869,4.2032,4.2231,4.2508,4.3121,4.3385,4.3306,4.3453,4.3481,4.3073,4.2596,4.3385,4.3385,4.3776,4.4707,4.4682,4.4895,4.5328,4.5085,4.5071,4.5003,4.5824,4.5701,4.5376,4.5471,4.6045,4.5993,4.6709,4.7100,4.6119,4.7085,4.7289,4.6802,4.6900,4.6000,4.6120,4.5400,4.5400,4.5346,4.5063,4.3739,4.3955,4.3403,4.4018,4.4162,4.3109,4.3866,4.3717,4.3842,4.4000,4.3491,4.3785,4.3800,4.3726,4.3294,4.2563,4.3293,4.3285,4.3285,4.3627,4.3131,4.2400USD/INR64.0300,63.9300,64.1655,64.2370,64.2370,64.3600,64.5500,64.6400,64.4118,64.3080,64.2990,64.3000,64.1700,64.2100,64.0700,64.1800,64.2583,64.2700,64.2700,64.0600,64.0200,64.3500,64.3900,64.6400,64.6300,64.6290,64.6600,64.6467,64.5700,64.4083,64.4537,64.4590,64.4500,64.5000,64.6300,64.5750,64.2600,64.2660,64.5800,65.0400,65.0500,64.8775,64.7967,64.8500,64.7900,64.7800,65.1100,65.0450,65.3931,65.4000,65.4000,65.4444,65.3650,65.4950,65.3353,65.4681,65.4490,65.4045,65.6205,65.7751,66.1701,66.4850,66.5290,66.6805,66.7650,66.6162,66.6647,66.7730,66.7490,66.8451,66.8580,66.7051,66.6932,66.6350,66.6190,66.6190,66.6828,66.9143,66.9651,66.9650,67.0652,67.0600,67.1648,66.8655,66.7759,66.9154,66.8437,66.7453,66.9643,67.3405,67.1953,67.1573,67.1750,67.2656,67.3954,67.5016,67.8210,68.1100,68.1090,68.0790,68.1490USD/GYD204.5100,204.5100,196.0200,205.4800,205.4800,197.1900,198.7500,198.9500,199.2200,196.3600,204.3500,204.3500,196.6600,199.2600,196.8400,199.3400,199.4800,204.4600,204.4600,197.4900,196.8100,197.7400,196.8400,197.7500,202.7100,202.7100,199.4000,198.8500,197.1900,198.0200,198.6500,204.2900,198.1600,196.6200,198.1500,198.5100,199.0200,204.4300,197.2100,198.7200,197.9900,198.3600,199.1300,204.5100,199.8000,199.1300,199.5400,197.0300,198.8800,202.7100,202.7100,198.7600,198.3100,198.1700,197.1400,198.3200,202.7100,196.5500,194.8000,198.4300,198.8200,197.2200,206.4900,198.0300,198.8600,198.6900,198.4400,196.8500,204.4000,198.7200,198.1600,198.5000,198.4800,199.3800,204.4100,204.4100,198.2800,197.2400,196.8700,198.4000,197.3800,206.4900,197.4400,197.7000,199.1300,198.5500,198.5800,199.0900,197.6900,198.2100,196.7000,195.8800,202.7100,196.9500,198.5500,197.6900,197.4500,198.5500,206.4900,206.4900,199.6600USD/THB34.4600,34.4400,34.6500,34.6500,34.6400,34.7060,34.7600,34.7510,34.6590,34.6430,34.6500,34.6500,34.6240,34.5500,34.4500,34.5890,34.4950,34.5600,34.5700,34.5900,34.4600,34.4210,34.3150,34.3160,34.2900,34.3400,34.4100,34.3770,34.3300,34.2730,34.3330,34.3300,34.3200,34.3860,34.5300,34.6100,34.6270,34.5810,34.5500,34.4400,34.3600,34.3460,34.4790,34.4030,34.4580,34.3850,34.5030,34.5500,34.5820,34.5760,34.7500,34.6340,34.7990,34.8300,34.9100,35.0210,35.2660,35.3300,35.3200,35.3200,35.3900,35.2700,35.1000,35.0400,35.0100,35.0200,35.0460,35.0100,34.9300,34.8400,34.8420,34.9420,35.0000,35.0120,35.0140,34.9900,34.9870,34.9900,34.9990,35.0600,35.0700,35.0600,35.0200,35.0200,34.9970,35.0060,35.0100,35.0700,35.1100,35.1000,35.1900,35.2380,35.2800,35.2500,35.3000,35.1900,35.2400,35.2500,35.3300,35.3800,35.3800




Conversión Popular con MDL




Conversión Popular con MDL





Currency Converter - © 2023 - Privacy - Cookie management






Change currencies

×










Close






Cookie Declaration

We use cookies to personalise content and to analyse our traffic. We also share information about your use of our site with our advertising and analytics partners who may combine it with other information you’ve provided to them or they’ve collected from your use of their services. More Informations
Accept












